-tapaturmat ja onnettomuudet
--tulipalot
1
1,12,14,17,18,46,66,
2
14,27,57
7
35
9
8
13
26
14
43
--liikenneonnettomuudet
1
58,62,63,66,67,76
2
9,18,21,24
3
52
4
4,37,41,69,82
5
20,58
6
11,33,46
8
23
10
45,48,60
11
9,49,74,77,107,128
12
9,49,67,77,107
13
1,10,16,21,29,31,32,33,38,56
14
18,29,43,50
--ilkivalta
1
43
2
11
6
54
9
24,75,77,80,90,95
10
38,39,42,53,58,84
11
31,41,97,116,128
12
4,20,28,54
13
15
--luonnonilmiöt ja eläimet
1
54
2
21,54
3
10,48
4
55
7
2
10
9,15,31
11
1,112
12
5,15,46,108
13
37,40,59
14
38,62
-urheilu
--su/kaanaan osasto
1
1,2,12,21,32,47,51,57,58,59,64,68,72,74,77,84,85
2
2,3,11,19,20,29,31,44,55,57,58
3
22,27,28,36,41,54,63
4
6,21,25,45,52,62,76,77,79,82
5
18
6
20,36,51,60,61,62,63,64,71
7
16
8
23,25,29,46,50,63,85,86
9
39,40,73,88,108
10
52,71,73
12
33,50,66,105
13
4,20,31
--yleistä
1
2,10,19,36,47,50,80,84
2
5,12,23,25,28,33,35,41,50,53,57
3
9,19,23,38,51,53,57
4
19,12,44,61
5
40,45
6
66,72
7
53
8
10,35,59,72,74,81
9
66,69
10
33,55,69,71,79
11
7,73,142
12
54,71,72,73,74,76,85,95
13
16,21
--osastojen/seurojen väliset
1
2,6,16,23,27,47,56,60,67,75,82,85
2
3,4,13,14,18,27,31,32,42
3
1,58
5
35
6
50
7
50,51
--juoksu
1
1,2,8,11,14,15,20,22,23,24,28,32,42,43,50,53,57,60,67,73,80
2
4,5,15,16,24,25,27,38,39,52
3
1,3,9,11,12,13,14,15,16,18,23,24,25,26,29,31,32,33,34,37,41,43,44,49,50,52,53,54,56,58,60,61,65,66
4
5,6,7,8,10,11,12,14,16,17,21,22,27,28,29,30,31,32,33,36,38,39,53,54,55,56,57,58,59,60,61,63,70,71,72
5
6,7,8,9,10,11,13,14,15,21,22,23,24,25,30,31,33,38,41,42,43,44,45,50,51
6
3,4,5,6,8,10,11,22,23,24,2526,27,32,39,40,41,42,44,45,47,52,53,54,55,56,63,65
7
6,7,8,10,12,24,25,27,29,41,44,51,59,60,61,62,63,64,70
8
7,8,11,28,30,32,33,34,53,57,58,60,62
9
9,10,13,43,45,46,78,79
10
12,13,14,42,59
11
7,38,39,45,79,110,111
12
7,41,71,94,95
13
3,24,39,40,61
14
2,20,24,42,51
--hiihtourheilu
1
2,4,8,10,11,13,19,22,24,26,27,31,32,33,35,36,38,41,42,44,49,52,55,59,60,65,66,67,74,75
2
2,3,11,12,13,14,21,22,23,34,35,50,51
3
1,35,36,51,52,59
4
1,2,5,25,26,46,47,48,49,5168
5
1,2,3,19,37
6
1,2,21,37,49
7
1,19,35
8
1,2,27,49,52
9
8,70,71,73
10
6,52
11
32,76,78
12
38,40,87,90,111
13
25
--yleisurheilu
1
6,8,10,14,15,20,23,24,25,26,28,29,30,34,37,39,41,42,43,45,50,53,54,56,59,61,66,68,70,71,76
2
3,5,6,14,17,28,37,41,52,56,57
3
2,6,11,18,22,52,57,59,61,62
4
18,23
5
34,40,55
6
13,16,31,48,51,66
7
14,30,48,66
8
16,17,30,39,43,81
9
25,56,60
10
38,79,85
11
9,12,18,22,62,130
13
24,49,61
14
30,42
--hevosurheilu
1
10,12
2
18
4
78
5
20
6
43,52
7
20,21
8
14,19,35,48,55,67,68,81,82
9
2,16,22,42,50,55,68
10
26,27,28,30,46,52,54,68
11
25,39,131,146
12
6,26,40,45,52,78,102,105,108,110
13
7,11,18,25,39,54,56,58,61
14
9,19,51,57,75
--jääurheilu
1
56,59,65,66
2
11,12,22,34,35,40,50
3
36,59
4
26,47,48,50,52
5
3,4,5,19,25,37,38,40
6
1,2,7,16,21,38,49,50
7
1,19,22,35,43
8
1,2,8,11,27,49,69
9
11,40,67,70,77
10
10
11
39,44,64,78,80,83,99,109
12
39
--suunnistus
1
20,26
3
2,38
4
40
5
18,33,39,53,54,57
6
17,25,29,33,44
7
28,29,31,63,65,66
8
10,13,14,55,59
9
32,48,84,100,118
10
47,90
11
48,54,59,85,98,128
12
31,47,74,81,111
13
7,27,32,42,53
--jalka- ja pesäpallo
1
1,2,6,7,53,82
2
30,3842,43,56
3
6
5
27,49,56
6
15,71
7
49,54,69
8
9,70
9
14,31,47,60,101,116
10
42
11
95,116
12
47,75
13
49
--muut lajit
1
14,36,50,56,58,60,71,73
3
20,44
4
18,29
5
32
6
15,70
7
28,46,69
8
69
9
25,44,45,65,77,93,94,108
10
16,55,82
11
39,54,55,91,92,93,94,96
12
17,32,34,90
14
74
-tulvat
1
1,3,8,11,15,33,45,53,69,78,79,81,83
2
6,7,8,15,19,49,52,54
3
4,17,21,27,30,45,46,47,48,60,64,65
4
13,14,63,73
5
12,27,36,46,47,52
6
8,27,28,46,56,58,
8
47
9
8
10
19,86
11
6,77
12
100
13
33
14
1,4,47
-tapahtumat
--talkoot
1
1,2,4,11
2
9,39
3
63
4
79
5
28
7
13
8
42
12
81
13
43
--kokoukset
1
4,5,7,10,11,13,14,19,27,31,33,35,44,49,52,59,65
2
13,20,32
3
7,17,19,22,37
4
19
5
58
7
9
8
46,76
10
91
11
22,67,100,112
12
25
--juhlat ja juhlapyhät
1
4,5,10,13,16,21,29,32,40,44,45,51,61,64,66,80,83
2
1,10,15,20,39,46
3
10,25,27,28
4
2,6,40
5
27,28,49,58
6
11,14,43,44
7
22,42
8
3,59
9
66,114,121
10
13,20,21,70
11
29,32,116
12
37,49
13
30,42
14
56
--muut
1
5,16,42,43,79
2
23,37,38,58
3
30,62
4
3,20
6
59
7
23,33,53
8
20
9
14,22,26,27,36,48,53,63,69,72,75,83,84,101,103,107,111,112,113
10
23,36,48,68
11
4,13,59,123,127
12
13,24,25,31,33,44,45,101,102,104,106
13
4,5,10,44,45,50
14
10,22,23,29
-maasto
--tiet ja sillat
1
2,5,7,12,15,22,46,58,66,68
2
17,25,26,28,40,48
3
1,2,3,5,6,17,40,41,42,53,61,62
4
15,19,35,37,70,75
5
4,12,15,26,33,48,54
6
2,10,16,17,18,69
7
11,12,14,15,22,27,39,48,64,65,72
8
3,4,18,19,21,22,24,26,51,73,75,78
9
1,4,16,98
10
7,19,41,54,78,81,87
11
6,14,19,37,61,62,119,121
12
8,17,22,27,30,35,48,39,55,56,63,64,68,69,77,83,99
13
7,12,13,21,22,23,36,46,47,51,52,64,65
14
65,74
--yleistä
1
5,33,83
2
4,6,24,33,37
3
3,39
4
76,77,80
5
39,48,56
6
12,14,30,34,67,71
7
5,21,37,54,57
8
19,34,38,40,45,53,54,60,69,71,82,83,85,86
9
11,12,15,19,24,25,28,29,30,32,56,63,65,75,77,80,87,92,96,99,102
10
1,2,3,33,38,39,40,57,70,90
11
2,4,15,29,41,42,43,45,46,49,53,56,57,65,67,68,69,70,71,72,83,86,87,100,102,104,123,129,139,140
12
15,16,21,23,27,28,29,30,43,53,60,68,75,79,85,86,87,88,91,96,97,102,107,109
13
1,2,14,19,27,55,66,69
14
4,5,6,7,12,13,14,33,47,12,13,14,33,47,48,49,54,63,64
--asutus ja rakennukset
1
3,9
3
26,58
4
24,64,80
5
56
8
29
9
8,91
10
8,55,57,58,86,87
11
75,77,78,79,85,104,105,106,118
12
25
13
3,21,22,28,40,41,44,61
--maa-, metsä- ja kalatalous
1
12,15,16,20,34,60
2
7,17,21,30
3
40
4
3,74
5
30,32
6
15,28,29,35,68,69
7
11,31,39
8
4,20,54
9
19,20,41,100
10
29,55,61,78
12
12,49,91
13
11
--laiva- ja muu liikenne
1
12,21,58,73
2
25,26
3
4
4
23
5
34
6
60,70
8
64,65,66,73,74,77,79,84
9
2,13,14,15,17,18,20,23,25,30,31,38,41,46,48,49,50,51,54,62,64,80,95,97,107,120
10
18,23,24,25,26,28,29,31,34,37,69,73,74,75,83
11
2,10,11,33,34,46,47,50,51,52,69,100,108,109,114,115,116,117,133
12
13,16,17,20,31,27,80,98
13
6,7,9,14,17,26,29,39,63,68
14
7,16,26,45,52,53
--vesi, sähkö, viemärit ja muut yhteydet
1
70,73,82,83
2
13,36,37,44
3
7,20,57
4
4,43,56,64
5
57
7
32,42,47,51
8
80
10
79
11
32,45,138
13
20
-koulut
1
4,20,30,31,36,40,46,73,76,77
2
15,30,35,47,48,58,59
3
53,55,60
4
34,65,68
5
4,50
6
17,19,59,60
7
10,35,64,67,71
8
23,27,28,37,45,75
9
21,33,34,35,36,41,52,53,55,57,58,59,60,61,91,100
10
1,8,21,32,46,51,84,91
11
9,14,19,27,43,68,71,88,96,120,121,124,133
12
17,38,42,43,50,51,67,68,76,79,89,92,93,111
13
2,4,25,26,28,40,41,57,59
14
2,3,25,42,45,49,68,69
-harrastukset
1
4,7,8,23,57,76,83,84
3
19
6
67
7
4,13,20
8
63,68
9
64,98
10
58,88,89
11
18,19,61,112,132
12
10,70
13
19
14
76
-henkilöt ja saavutukset
1
18
2
19,21,58
3
5,8,42
4
23,81
5
4,26,57
6
18,36,46,64
7
3,15,23,36,38
8
42,43,61,70,72,76
9
3,21,30,33,35,37,42,69,76,85,86,89,109,115,116,119
10
9,27,50,51,72,79,88
11
3,6,16,17,28,36,49,63,72,74,81,82,90,103,107,108,109,110,117,122,125,128,134,135,141
12
8,24,36,43,44,55,58,59,82,83,84,98,101
13
38,45
14
15,17,22,26,27,28,32,58,59,70,73
-politiikka
1
22,63,76
2
18,48
3
1,7,62,65
4
51,52,75
6
33,57,69
7
31,32,41,68
8
11,13,24,42,43,50,51,62
9
27,67,117,118
10
6,11,43,45,54,71,85
11
8,45,58,60,66,101,102,132
12
1,7,14,15,35,38,61,62,63,64,104,105
13
2,33,34,35,44,55
14
34,35,36,41,43,67
-ilmoitukset
--syntymäpäivät
1
32,77,80
2
57
3
19,55
4
49
7
15
8
33
11
70,76,77,85,99,124,137,138
12
6,51,55,77,105
13
43,51,61
14
36,75
--nimitykset ja ylioppilaat
4
23
7
64
8
12
10
73
11
8,49,85,112
12
13,51,102
13
5,26,42,63
14
9,24,50,63
--vainajat
1
44,80
2
19,26,40
3
20,40
4
2
5
4,20,32,33,40,47,49,54
6
2,11,17,50,65,67
7
21,32,34,35,46,66
8
3,20,52
9
24,47,50,55,71,91,96,119
10
1,14,18,40,48,52,53,71,91
11
5,7,12,13,18,30,31,49,58,64,107,116,126,137
12
1,33,35,36,37,39,43,46,47,51,52,54,56,65,67,70,76,88,89,92,102,105,107
13
1,22,23,24,26,36,37,38,40,41,43,54,55,56,62,70
14
6,11,14,15,19,30,36,37,39,42,43,48,49,51,56,57,60,63,74,75
--vihkimiset
5
53,58
6
8,15,42
7
22,32,46,64,65,66,68,71
8
3,8,11,12,34,45,51,53,55,67
9
49,96
10
89
11
9,98,128
13
26,28,43,49
14
14
-palvelut ja kulttuuri
--seurakunta
1
39,48
2
51
4
3,46,55,77
5
36,57
6
13,18,71
7
36,65,70
8
36,80
9
32,65,103
10
19,22,23,57,76,90
11
18,40,49,136,137,140
12
11,27,47,61
13
3,48,53,69
14
65
--myymälät, tehtaat ja muu kaupankäynti
2
20
4
69
6
31,43
7
17,18,34,45,47
8
22,45
9
67,68,90,106
10
7,30,41,43,44,52,60,83,89
11
1,4,5,8,14,22,23,25,35,36,58,63,76,97,117,141
12
5,7,11,12,14,20,34,70,93,94,100,106,108
13
33,49,51,59,50,62,66,70,71
14
36,43
--musiikki, tanssi ja teatteri
2
4
4
52
5
29
6
20,35,68
7
43,52,54
8
30,41,55,66,67
9
5,82,98,110,120
10
15,32,62,63,64,65,66,67,77,80,81
11
30,37,48,113,124,136,136
12
10,100,110
13
18,30,46,50,53,71
14
9,48,71
--terveydenhuolto ja lapset
2
28,36
6
71
7
3,4,15,16,28,33,46,53,56,63
8
52
9
3,37,66,71,72,81,82,107,118
10
6,15,16,17,31,40,41,43
11
26,40,41,84,99,107,113
12
5,9,28,36,42,46,47,94
13
4,12,16
--muut palvelut
1
37,82
2
16
4
42
6
35,51
7
68
9
73,74,97
10
47,56,72
11
8,24,37
12
52,60
13
8
14
11
-lukijoiden jutut ja gallupit
1
41,43,53,57,58,61,67,84
2
1,5,10,23,32,50,51,58
3
25,36,49,57,65,66
4
3,4,22,50,72,77,81
5
13,20,36
6
7,45,48,49,51
7
16
8
2,6,44,78
9
4,55,56,65,66,101,111,113,119,120
10
10,11,14,17,18,45,60,83,88
11
2,13,45,68,76,78,106,108,110,122,138
12
42,57,74,82
13
1,2,16,18,23,28,37,53,54,63,65,68,71
14
1,3,14,15,20,29,34,37,39,41,42,51,52,57,60,63,66,67,74,75
-mainokset
1
37
4
2
7
26,40,58,59
8
5,6,31,56
9
6,7,104,105
11
126
13
67
-muut
1
76
3
20,39,61
4
66,67
5
32,35
6
57
7
55
8
77
9
2
12
39